$ANSIBLE_VAULT;1.1;AES256
66366365366233396161616631653930616330303834343665613237653733353939326238313035
3065643838646562386239666336323233313262663538350a656135303031313239353731626234
30656432326130613566353364393936636135633335303332363031653964356563393235373032
6130363661393330650a303163666637333766363463393766613862626665376338353661663464
35373765313730366330383036366233316335363165333163623330643262306135323834623736
61613337323836623364653631316533383236643865643435633365633731633836353130643633
39633034356638396530643232323235613931663136343630636261306335653638366133636534
31663038303230623336333537326338326330313866656434663736336330623361653239623264
34336465636366363533373533306564343437633733613439613537633730303435393436303931
66393164306362646562326564393036653764653962363531333331616563663264383965306234
39636361353536373637613233353864633938346361386430396639313431323534666362373633
31633664306538353665323933656237663734633461656363393638343430646132646638356334
65313535356432386263616334393531386464346564663230363531373431346565343265333736
64343964346332346133633236613065336565363134633139303137333535353562383139303437
38626262336338313437303563323634366430626438303733386133373134336632643661303636
66326639383539363239663136613166366232383131363032663263663639336237663735623530
36333161356233363261326266363631303237633037623161323738383763323631333030366135
34313032656662636536636134363436663438376164623031323330626638656234303665626537
33396330613333363763306131393365386131663638373165663031356133366530326464373062
62386130636262666164323331666535386266663863633239343330393738393235383830346130
35613738363464343866323638303432306638313031663663623266396533613634306561363330
62393534633839656262653635363332653033623730313936366236663161376139616237636464
63353136613332313465666635643962336464376565383065363061363961353735636666316134
66316435663434663764333433316331336335613732633465383537393436356335623064636335
35353162643964373562356262366536336139343537336536323435623036363366306538386236
66346631666364353661616261346133623061386134376330353433363961396636656433623563
39343066323539313035396537616634643430636163646562306332656266613466336638303264
36333732613531646135666637323966616435303462303031323562393364393832373166653038
38646532623734353732366164333263636133646431393931356430313837393966396433323230
35323833333231373365396164623233313632663166366231373037363637623336666632363266
63306534643138343961353435393234346235666465616438623533313862313536653962333064
35663833646263343766313131306230663666393732323134613730663436393066356534616461
37326236656339373735323738633239356431636538663236616130653964626437373061303735
3561356666653666316639633831333564393438316237356330
